3
6
3
3
3
3
15
19
4
5
4
6
8
10
22
20
2
13
3
2
7
5
10
4
18
40
12
2
6
5
2
3
2
5
6
54
3
7
8
15
97
9
11
11
7
2
21
7
13
3
17
13
7
17
10
6
6
4
2
21
18
20
3
8
9
7
23
14
3
2
23
50
10
108
15
6
5
2
2
13
73
2
2
22
8
2
14
9
28
8
8
5
3
10
2
7
11
34
25
34
22
60
17
16
16
3
11
11
5
10
11
4
16
15
18
11
5
47
34
3
11
22
13
4
22
11
19
20
21
15
8
21
36
10
27
10
3
4
16
0
6
13
12
3
5
3
10
14
10
28
39
6
28
7
25
10
13
13
2
22
95
5
27
12
33
8
5
8
9
11
7
60
16
21
2
11
16
33
10
10
9
15
7
20
31
4
2
14
3
11
66
0
19
12
2
11
68
3
14
45
55
18
12
2
2
10
2
3
5
11
41
7
8
5
16
6
29
8
10
2
5
7
3
10
46
2
11
22
10
3
55
2
7
5
6
6
5
20
3
13
9
3
2
13
0
0
27
37
82
0
17
7
5
3
0
4
8
0
5
3
5
7
7
17
6
21
7
5
2
7
5
3
26
16
8
12
2
3
8
18
54
6
9
7
9
2
10
2
3
2
37
29
8
47
15
7
9
8
20
38
4
13
6
3
4
30
33
10
8
8
10
2
9
3
4
14
14
21
3
6
5
6
39
23
7
14
8
10
9
27
7
13
6
0
13
4
4
10
6
2
2
11
31
0
53
3
22
19
20
6
10
14
3
11
48
3
4
15
7
19
3
14
17
8
2
12
8
2
3
16
34
2
11
5
5
5
5
15
5
15
4
5
3
5
13
45
10
3
8
7
15
8
12
17
4
11
18
5
18
9
5
7
5
5
11
9
5
34
12
11
6
3
5
6
5
31
3
15
13
3
14
6
23
14
10
7
18
13
4
16
18
17
2
9
12
3
7
18
9
9
43
10
4
17
16
4
24
19
9
3
2
31
3
14
30
2
9
22
12
27
22
6
33
4
14
11
28
20
21
20
43
39
0
0
0
0
0
0
0
0
0
0
0
0
0
0
6
5
42
7
4
3
28
24
31
7
12
8
4
2
2
9
7
33
7
8
6
3
12
22
22
15
14
7
2
4
19
0
20
0
18
3
22
25
27
44
0
12
23
15
6
17
52
0
16
10
21
17
20
41
6
10
11
3
11
6
10
9
0
12
7
15
22
10
5
22
0
86
11
0
0
3
20
21
0
0
0
5
0
0
0
0
0
0
0
24
7
2
6
0
5
14
0
0
0
0
0
83
3
0
2
14
35
0
16
7
13
0
7
7
2
12
0
0
13
3
9
3
0
31
19
21
11
12
17
14
15
4
9
3
3
11
6
3
6
18
7
5
9
9
9
2
3
7
5
2
11
7
11
5
12
13
23
4
6
2
5
12
0
4
5
2
16
2
10
31
34
10
14
4
14
13
23
34
3
9
6
7
17
0
38
10
12
11
4
7
15
5
13
13
9
4
2
25
21
32
10
6
24
0
75
20
2
4
62
19
11
4
13
11
7
9
58
4
24
10
39
24
8
19
18
11
14
0
47
5
8
6
7
10
3
3
5
3
2
12
6
33
0
28
21
6
68
0
13
2
16
7
6
10
20
3
4
0
21
9
27
5
5
0
2
9
2
21
42
26
81
9
10
11
61
0
26
4
3
0
21
8
5
3
5
0
6
8
34
22
2
6
22
2
6
30
19
3
11
17
2
0
37
3
19
3
10
13
14
36
10
47
4
32
17
6
12
9
4
5
11
4
17
22
14
22
19
17
54
13
11
14
7
38
17
51
0
12
0
25
2
8
30
10
8
9
24
3
3
8
6
4
21
31
7
15
28
3
6
2
23
13
17
7
13
7
13
8
7
41
9
3
4
18
11
23
45
27
0
9
11
3
66
7
13
9
15
18
43
8
9
24
13
57
4
0
10
8
0
33
21
2
16
5
0
11
5
0
11
2
2
0
6
12
0
3
16
0
6
9
2
7
29
0
9
38
7
3
2
8
7
4
22
37
9
0
0
4
3
6
0
14
16
23
62
27
0
5
5
8
0
10
3
3
3
60
33
9
2
0
17
17
6
31
6
15
29
23
6
13
8
7
8
13
4
3
11
12
20
11
39
2
20
3
3
3
12
15
15
10
4
13
6
31
7
6
9
14
7
13
0
21
7
34
37
0
2
14
5
36
14
0
9
13
5
9
2
